131
71 16
74 16
74 20
77 21
74 24
74 29
78 32
79 33
84 29
84 24
81 17
84 20
107 27
84 34
84 38
80 41
78 39
79 37
78 35
74 35
74 39
71 45
71 47
61 47
61 45
57 44
51 47
51 45
41 36
41 35
41 34
41 32
38 30
38 34
34 38
34 41
28 47
28 43
28 40
18 39
18 41
18 42
18 44
18 45
15 43
5 43
0 39
5 37
5 31
0 27
0 26
5 25
5 19
0 13
5 13
5 8
2 0
8 0
12 5
9 10
10 10
11 10
12 10
15 8
15 13
18 11
18 13
18 15
18 17
18 19
15 19
18 21
18 23
15 25
18 25
18 27
18 29
18 31
15 31
15 37
18 37
18 35
18 33
28 34
32 31
33 31
34 31
35 31
34 29
33 29
34 26
33 26
32 26
28 28
28 30
25 29
25 28
25 26
25 24
25 23
25 22
28 20
28 16
25 15
25 11
25 9
34 5
33 15
34 15
35 17
38 16
38 20
40 22
41 23
48 22
48 27
56 25
57 25
64 22
57 12
48 6
63 6
74 6
80 5
84 6
80 10
79 10
78 10
74 12
71 11
71 13
