131
79 37
78 39
80 41
84 38
84 34
84 29
84 24
84 20
81 17
80 10
79 10
78 10
74 12
71 11
71 13
71 16
74 16
74 20
77 21
74 24
74 29
78 32
79 33
78 35
74 35
74 39
71 45
71 47
61 47
61 45
57 44
51 45
51 47
41 36
41 35
41 34
41 32
38 30
35 31
34 31
33 31
32 31
33 29
34 29
34 26
33 26
32 26
28 28
28 30
25 29
25 28
25 26
25 24
25 23
25 22
28 20
28 16
25 15
25 11
25 9
15 8
12 5
8 0
2 0
5 8
5 13
0 13
5 19
5 25
0 26
0 27
5 31
5 37
0 39
5 43
15 43
18 44
18 45
18 42
18 41
18 39
18 37
18 35
18 33
18 31
18 29
18 27
18 25
18 23
18 21
18 19
18 17
18 15
18 13
18 11
15 13
12 10
11 10
10 10
9 10
15 19
15 25
15 31
15 37
28 34
28 40
28 43
28 47
34 41
34 38
38 34
48 27
56 25
57 25
64 22
48 22
41 23
40 22
38 20
38 16
35 17
34 15
33 15
34 5
48 6
57 12
63 6
74 6
80 5
84 6
107 27
