237
74 59
74 62
74 64
80 61
80 58
84 59
84 62
84 64
97 64
97 60
97 57
94 52
103 55
103 58
110 52
117 52
117 50
120 55
120 58
120 60
117 63
126 57
126 54
130 55
130 58
130 60
132 63
120 44
120 40
124 40
125 38
124 37
120 34
120 29
120 25
123 26
120 19
120 15
120 11
120 7
126 5
127 12
127 16
130 15
130 19
130 25
130 29
130 34
130 39
130 43
126 46
124 44
125 42
103 42
109 36
109 35
109 34
107 30
107 28
107 25
103 24
103 27
97 28
97 30
94 34
94 35
94 36
87 35
87 33
87 31
87 29
87 27
87 25
87 23
87 21
87 19
87 17
87 15
87 13
87 11
84 13
81 10
80 10
79 10
78 10
74 13
74 19
74 25
74 31
74 37
74 43
74 49
71 54
71 56
64 61
48 61
41 61
34 51
40 45
38 42
38 40
38 37
34 36
34 39
28 40
28 42
25 45
28 37
25 34
25 32
28 27
28 23
25 23
25 20
25 18
25 16
25 14
25 12
25 10
28 12
28 15
28 19
32 13
33 13
34 13
34 10
33 10
32 10
28 7
34 5
18 11
18 13
18 14
18 15
15 13
12 10
11 10
10 10
9 10
5 8
5 13
0 15
5 18
2 21
2 28
0 33
5 33
5 36
5 40
2 44
0 51
0 60
5 64
12 61
15 64
25 61
11 42
10 42
11 34
11 31
18 28
17 21
15 18
11 17
15 8
12 5
35 24
34 28
38 27
48 32
48 34
51 37
51 40
51 42
48 45
57 51
63 45
61 42
61 40
61 37
57 36
57 39
57 28
55 26
56 24
55 22
56 20
55 19
51 18
51 22
51 26
61 25
61 21
61 18
58 15
57 12
57 10
56 10
57 5
55 0
54 0
51 7
48 10
51 11
51 14
61 11
71 6
72 0
73 0
86 6
94 6
94 10
97 11
97 15
103 16
104 12
103 10
102 10
109 6
107 11
107 15
97 25
94 22
94 20
84 19
84 25
84 31
84 37
87 37
87 39
87 41
87 42
87 44
87 45
84 43
80 47
80 50
